miscbyla00hali	2089	0.0866937670607	0.0226807513885	0.0171152089096
soundbelieveror01shepgoog	451	0.149376242017	0.0837833713018	0.0694599966069
spiritofdespotis00knox	2318	0.0402026631892	0.0172156230172	0.0161453878638
historieofreigne00baco	1227	0.100853859794	0.0766226382236	0.0405386284898
benevolenceofdei00chau	7290	0.129838710491	0.0404309846824	0.0297062015237
cihm_28239	2246	0.0966771648851	0.0336838322678	0.0254030471412
bloudytenentofpe00will_0	1828	0.147285587492	0.124131137761	0.081427845232
enquiryintoconst00king	550	0.131275418618	0.0652180790038	0.0623823253359
hivindi00twys	408	0.149323816849	0.075783426306	0.0753516522298
livespoetsgreat05coxegoog	3712	0.121042183702	0.0798448483459	0.0677808853778
arundel01cumbgoog	6070	0.0829189201265	0.03165806269	0.0199437197269
observerbeingac08cumbgoog	943	0.0669320903728	0.0391626225394	0.0268681256723
lifesamueljohns01hawkgoog	7199	0.0933269812471	0.0453701367793	0.0233522371355
essayonpaintingi00hayl_0	811	0.0837108990442	0.0107805767983	0.00774347789978
bub_gb_Qo-ZzeoeSPoC	1445	0.130576748715	0.131146764063	0.0632092882902
lifeofthricenobl00newc	1417	0.0604334353109	0.0224731008294	0.0185633998853
bub_gb_g30OAAAAQAAJ	7384	0.152322092396	0.0391750622216	0.0360176494466
b28771023_0002	5081	0.109481298199	0.0498293153116	0.0494973542583
benevolenceofdei00chau	863	0.127034810119	0.0468702810379	0.0290643923095
journaloflifetra00scot_0	7291	0.0597644383577	0.0272725926457	0.0198592547268
narrativeofextra00camp	6640	0.081444157512	0.0376015027054	0.0161992641404
historyoflaterev12bern	3952	0.070339499505	0.0223713064854	0.0126891155586
narrativeofextra00camp	1943	0.0807685898422	0.0245385261863	0.0139692476693
unreaso00stil	6702	0.115891329308	0.0519614908144	0.0346304450341
treatiseofpassio00reyn	3368	0.119594102804	0.0555474236429	0.0531591406523
b22391526	891	0.0617506786849	0.0240747962292	0.0212901838486
examined00tenn	49	0.0721019061898	0.0496974370137	0.0487626895365
2397030R.nlm.nih.gov	1872	0.0775211681222	0.0531901811093	0.04297280109
cihm_33070	7058	0.0966126396561	0.0334411641394	0.0228039138912
governmentoftong02alle	3097	0.118429200896	0.0358558041314	0.0305241896144
travelsthroughno00bart	9778	0.0773402461842	0.0370899803185	0.0327040004909
bub_gb_9RHKQiy0ujsC	633	0.119278923325	0.126059309047	0.0989501861761
bloodytenentyetm00will	3459	0.115486513409	0.0714089382442	0.0517627974847
bloudytenentofpe00will_0	3396	0.138374105779	0.118486073983	0.079332865947
imprighte00baxt	6036	0.0862353095411	0.0317428455656	0.0272527892471
anhistoricalacc01conggoog	3501	0.105078104521	0.052028115358	0.029764679333
foolqualityorhi04broogoog	7091	0.0836915937389	0.0512611396292	0.0406129691621
cihm_48978	7352	0.0727437792071	0.037691291715	0.0233854544171
cihm_48978	1504	0.0689235507754	0.0319695270298	0.0298464183939
arundel01cumbgoog	281	0.125597903842	0.0320782471351	0.0226790381324
arundel03cumbgoog	516	0.0863059145062	0.0675732976353	0.0266652156051
artofcontentment00alle	2147	0.0896068351621	0.0238338088827	0.0203140378626
historyofreigns00baco	1750	0.118781462264	0.054254861877	0.0528540305667
origines00stil	12310	0.10312927535	0.0719544486929	0.0388219995072
bub_gb_Pkk_AAAAcAAJ	6485	0.148835435041	0.113553597135	0.110678931559
2554033R.nlm.nih.gov	3144	0.0804267347952	0.0268576070539	0.0235008952687
accountofepidemi00bayl	3478	0.0745334323237	0.0289955321544	0.0266357386051
historycivilwar00aylegoog	18280	0.128110717356	0.0878165357202	0.0722773640547
miscbyla00hali	1134	0.108823545736	0.027869382432	0.0166630738291
memoirsoflifeofl01leec	7188	0.072262364584	0.0355089714235	0.0272885103542
natvrallandmoral00acosrich	2018	0.0800379322629	0.067047354932	0.0652631348303
historyofreigns00baco	1204	0.105801448031	0.0521281230172	0.0375011589864
selfde00baxt	1263	0.0802298612749	0.047214734792	0.0376919357609
ceciliaormemoir00unkngoog	381	0.0604946294478	0.0365121012562	0.0248379699406
reportofwilliamw00west	89	0.0287136519127	0.0184708270514	0.0175161801367
iurisdictionrega00carl	11	0.149221069188	0.104797943882	0.0981937014406
lifesamueljohns01hawkgoog	642	0.166112971577	0.0813969150577	0.0546910603478
anhistoricalacc01conggoog	9344	0.0809988704829	0.0457531664063	0.0264829658971
enquiryintoconst00king	578	0.115220741266	0.0813742720212	0.0725609319305
chdrawi00ruth	11793	0.112351589786	0.0538755062833	0.0530943625588
governmentoftong02alle	3150	0.0852614404471	0.0319159084741	0.0227258202177
observerbeingac08cumbgoog	5777	0.0787347408239	0.0402796958914	0.025906407711
seasonablethoug00chaugoog	2881	0.0770254786561	0.0308008695641	0.0211870034548
memoirslifemrss01hopkgoog	3576	0.0542485555417	0.0430455456836	0.0215068678208
defprincip00baxt	8123	0.13548135238	0.0457015931615	0.0394103513554
essaysorcouncils00bacouoft	4992	0.124745705339	0.0424867382964	0.0363935533364
seasonablethoug00chaugoog	8036	0.084969043949	0.035238738205	0.0228953790194
historyenglishp03wartgoog	6416	0.0876673959664	0.0538493835065	0.0516490767831
1629historieofre00baco	240	0.170501003714	0.110231823713	0.0953636530358
foolqualityorhi04broogoog	314	0.106778775761	0.0476630968701	0.0381057521392
natvrallandmoral00acosrich	3226	0.0502559150203	0.0431511641262	0.0426884678662
lifesamueljohns01hawkgoog	8779	0.0849983171172	0.0371323484418	0.0219934029814
imprighte00baxt	2212	0.0995851053523	0.0357420796788	0.0330013184734
chdrawi00ruth	457	0.108256075327	0.0460851454698	0.0390344882132
vindicationofrig00wol	4962	0.0625420420285	0.0217089756269	0.0168746644457
2397030R.nlm.nih.gov	3362	0.0620516516016	0.0390579093042	0.0335728516731
forestersamerica00belk	460	0.0684298879329	0.0264536521208	0.0211362126413
selfde00baxt	5360	0.0775966268038	0.0541055025498	0.0352089290072
forestersamerica00belk	2054	0.0736358244817	0.0239511288467	0.0194835953507
forestersanamer00belkgoog	1765	0.0598423152303	0.0287035994778	0.017607487107
historycivilwar00aylegoog	16000	0.110883749757	0.080828115771	0.0534751366125
vindicationofrig00wol	1497	0.0487222236795	0.0118890459759	0.0105086582398
origines00stil	7600	0.108639526657	0.0678632480722	0.0425770099551
b22390194	894	0.0518421814429	0.0220691720701	0.0216703549189
in.ernet.dli.2015.200849	14091	0.0958579536354	0.108114472277	0.106269982022
historyofworld00rale	10050	0.0909490296281	0.0916486312598	0.0881507570298
historyenglishp03wartgoog	2518	0.0684047893946	0.0493014920063	0.0453096396633
seasonablethoug00chaugoog	1158	0.0813557440388	0.0471839124064	0.0284593978977
2397030R.nlm.nih.gov	11181	0.0736593109123	0.0500982736998	0.0423781201057
lettersfrombarba01jard	264	0.06314918281	0.0205782723322	0.0201173354138
arundel03cumbgoog	6332	0.0899481398637	0.0303929262703	0.0206039044762
historycivilwar00aylegoog	1015	0.117762412045	0.062460245172	0.0428762960481
cihm_20441	2163	0.113772404583	0.0585219442593	0.0297679215018
examendeingenios00huarrich	9866	0.0824567787861	0.023810596901	0.0233835608479
historyoflaterev12bern	2078	0.0820838051274	0.021734322005	0.012934741204
essaysorcouncils00baco	5047	0.125910775142	0.0380758562286	0.0368869563407
lettersfrombarba01jard	8168	0.0648667671343	0.0176290665042	0.0162784945122
bub_gb_g30OAAAAQAAJ	2696	0.123831315499	0.0313443043685	0.0279805490766
bub_gb_h9yCAQcCHv0C	1884	0.111535025457	0.0487795859284	0.0265658413562
treatiseofpassio00reyn	8134	0.114921246838	0.0529248464122	0.0524659024096
1629historieofre00baco	1722	0.115834181897	0.076168075564	0.0464847371865
historyofworkof00edwa	2045	0.0835995832955	0.0744477551663	0.0365317556078
pseudomartyrwher00donn	126	0.0716781657289	0.0594233062759	0.0586292910242
spiritofdespotis00knox	7134	0.0523490691628	0.0225724742415	0.0205434918529
historycivilwar00aylegoog	2507	0.112176077739	0.0863296100895	0.0613494906824
memoirslifemrss01hopkgoog	7514	0.053435291924	0.043231806781	0.0211627910058
travelsthroughno00bart	7066	0.0777948740873	0.0358640766489	0.0327258302376
bub_gb_Qo-ZzeoeSPoC	1072	0.139556441254	0.130773959066	0.062648875954
lifeofthricenobl00newc	3807	0.0551909467467	0.0253980400009	0.0215352821466
in.ernet.dli.2015.55607	2402	0.0920926023314	0.0348427759755	0.0314563158709
selfde00baxt	8581	0.080620977041	0.0420343292575	0.0324997668002
voyagesadventure00ayre	81	0.101807036057	0.0663903691581	0.0453753587574
voyagesadventure00chet	5	0.188968957871	0.143181818182	0.140724316334
memoirsoflifeofm1799hopk	8734	0.0756957946327	0.0218795032025	0.0196921060917
historyofworkof00edwa	9102	0.0792305829005	0.0882074763765	0.0409851982303
narrativeofextra00camp	775	0.064682942719	0.0324289460227	0.0147307318607
ceciliaormemoir00unkngoog	7580	0.0479133735958	0.0385263803786	0.022444905929
lettersfrombarba01jard	2829	0.0646037975303	0.0178718093483	0.0168890160672
treatiseofpassio00reyn	458	0.129210839361	0.0596059855509	0.0497125823203
enquiryintoconst00king	5907	0.132212613073	0.0759988623039	0.0706336194175
forestersanamer00belkgoog	955	0.0609467508197	0.030937199921	0.0182104880709
bloodytenentyetm00will	3765	0.114221899531	0.085737385804	0.0468124858172
journaloflifetra00scot_0	4125	0.065449390401	0.0319222494217	0.0233601729514
soundbelieveror01shepgoog	1485	0.149712722393	0.0889186892006	0.0633706006474
arundel01cumbgoog	488	0.13596379404	0.0317550544031	0.0266247589453
essaysliterarymo00rush	5639	0.0639455356639	0.0204845656792	0.0161255005918
americanbiograp01belkgoog	3016	0.0805162680298	0.0263412979877	0.0244582204112
essaysliterarymo00rush	1725	0.0577688380009	0.0186265681856	0.0136132404629
historyofworld00rale	8429	0.0970368525415	0.101823014209	0.101126996469
cihm_28238	3823	0.0973449895163	0.0336220599569	0.0330406629871
cihm_28239	1343	0.0954074450111	0.0348887119317	0.0280314688713
miscselfi00baxt	2177	0.0633822713052	0.0450503854313	0.0418728068894
unreaso00stil	6925	0.123207607066	0.0653277184944	0.0429252581627
sketchpoliticsf01willgoog	332	0.0634357872074	0.0296777608915	0.0125804197734
2306045R.nlm.nih.gov	702	0.30825975593	0.0516110375577	0.259698146583
compleathistoryo00sand_0	5359	0.0860943939196	0.0326981454938	0.0346537979395
miscellaniesmora00jameiala	4993	0.0963470759017	0.0258081438752	0.0329478777066
lifesamueljohns72boswgoog	8106	0.0633324163955	0.025134403661	0.0296841229506
spiritofcalumnys00monr	260	0.0590981838536	0.0455005505584	0.054439186687
americanremembra00hard	410	0.226792068411	0.0766782722444	0.180593799142
historyoffourfoo00tops	277	0.0803233810528	0.0651578914469	0.103470758585
in.ernet.dli.2015.55607	6831	0.139303117859	0.069558495541	0.0871312423328
labyrinthuscantu00carw	91	0.118338011772	0.0320471609575	0.0845313346523
quadriv00monl	16	0.182408184807	0.0515981575702	0.129271873679
pysmantiamagastr00gaul	69	0.138511800847	0.125629688745	0.128199118045
b21518312	107	0.174641624669	0.0206476478852	0.048131131801
historyoflifeadv1720defo	6142	0.0781362497104	0.0210189105802	0.0304548129674
memoirsoflifeofm1799hopk	2855	0.0669905777499	0.0167244106282	0.0176813612419
memoirsofmajorge1798heat	2007	0.0818975716151	0.0189088873215	0.0554826793591
101225283.nlm.nih.gov	4683	0.0959740578354	0.0289054638587	0.036514847356
examendeingenios00huarrich	4683	0.0749958867278	0.0217592838569	0.0218175042214
tryalloffaithorw00armi	44	0.186754629169	0.0307552522224	0.101116816569
pysmantiamagastr00gaul	105	0.101806963437	0.0511302380487	0.079788630324
quadriv00monl	13	0.332954625415	0.0749688538857	0.257806969988
compleathistoryo00sand_0	8056	0.0901665874084	0.0314212271119	0.0357441129529
lifesamueljohns01baldgoog	920	0.071836064511	0.0607416307447	0.0654346564166
measuresofchrist00ket	8596	0.102933603069	0.0226824020367	0.0322176561714
hierarcbish00forr	82	0.235568824827	0.0483999947266	0.209327122549
historyofworld00rale	10073	0.0929893304782	0.0787388440361	0.087406090388
treac00pryn	194	0.175960475386	0.0976866817809	0.173774046574
worldeofwordesor00flor	45	0.16920505377	0.0549444061126	0.0832343789971
mosaicallphiloso00flud	52	0.14283338892	0.0947810387024	0.140193927699
compleathistoryo00sand_0	2168	0.104764056683	0.0357752311963	0.0400841272899
hivindi00twys	3796	0.160686241418	0.101885864572	0.118299037203
miscselfi00baxt	4877	0.0830232038626	0.0577945228348	0.0603989441964
journaloftransac00wint	7093	0.0701496867161	0.0262143112053	0.0542501783033
2426036R.nlm.nih.gov	410	0.102808873387	0.0385187575568	0.0801142259272
worksofjohnwoolm00wool	8616	0.0772456065976	0.0180256745559	0.0442438375602
examendeingenios1594huar	170	0.448201239842	0.0256140342228	0.390951375574
vicarwakefield00goldgoog	811	0.0746367467448	0.0160057987434	0.0252524294231
ASermonOnEducation2	532	0.0918229910743	0.0177445408366	0.0362416503704
newdescriptionof00bric	108	0.180718485155	0.0837070766139	0.141238896321
memoirsofmajorge1798heat	1438	0.0721906633444	0.0178001869314	0.0613188095064
passio00reyn	4519	0.117958135257	0.0390243572177	0.0478408352186
peerageofscotlan00doug	4063	0.252410222561	0.0518211630278	0.181152257559
examined00tenn	85	0.0938046270365	0.037584677758	0.0718265651961
twotreatisesinon00digbuoft	44	0.117898273739	0.0519470980717	0.0599480431694
unhappyfavourite00bank	105	0.112217316131	0.0250951715429	0.0693527766082
treac00pryn	4	0.164005048222	0.141344559976	0.18231992164
treatiseconcerni1746edwa	627	0.0721262872475	0.0275078215855	0.0408060897204
vindoc00sher	6314	0.157746281502	0.0279358145871	0.0355474774133
collectionofpoem_a06dods	3599	0.107681352056	0.0160234144894	0.0183102803865
medinquiries03rush	1095	0.0654221954333	0.0169225897979	0.0289500411657
faeriequeenedisp00spen_0	2952	0.0966402887124	0.032957109922	0.0463269493458
balmfromgileador00bair	14	0.19188836954	0.0315336100575	0.174505684902
vicarwakefield00goldgoog	1678	0.0835145726883	0.012297613797	0.0260409711766
2569001R.nlm.nih.gov	1603	0.0603739845229	0.0123759095349	0.0178092701842
solidya00serg	30	0.0585973922973	0.0439610346736	0.0523774699119
apologyforlifeof00cibb	254	0.215427255223	0.0355306334357	0.147718239036
livespoetsgreat05coxegoog	5219	0.124548434514	0.0559307962324	0.0643435948407
generalldemandso00aber	1054	0.122824106619	0.0615631523078	0.0651256360522
incidentsofinsur00inbrac	226	0.165050323294	0.015744788271	0.148869302404
kingcharlesscase00cook	1518	0.0709751868701	0.0293685464881	0.0324465711514
labyrinthuscantu00carw	134	0.137552077376	0.049565758487	0.0945104942921
catholicks00baxt	12098	0.0842434292042	0.0265226083934	0.0492092773619
greatchristiando1758edwa	7931	0.0963396242746	0.0279837403798	0.0369743799618
collectionofpoem_a06dods	1203	0.161211712826	0.0515230704617	0.0634260778227
tryalloffaithorw00armi	24	0.229680874045	0.0843975974463	0.135812025046
sketchpoliticsf01willgoog	3237	0.0803218434157	0.0262976312486	0.0304627939838
2426036R.nlm.nih.gov	568	0.0856119969759	0.0209462907814	0.0549534306015
2541036R.nlm.nih.gov	2007	0.0738256152959	0.0228311621135	0.0385769666559
mosaicallphiloso00flud	31	0.179568330288	0.0687441588396	0.161453598566
fullanswertoinfa00clar	1486	0.103196707395	0.0257151380962	0.0367686538204
fablesofaesopoth00lest	9065	0.0949689751895	0.0252726489061	0.0297943730397
unhappyfavourite00bank	50	0.169312157982	0.0723485974921	0.0890914746628
scripturetruthsd00cris	548	0.0852599903615	0.0104129162938	0.0545393396866
bub_gb_hghCAAAAcAAJ	495	0.0817968481744	0.011180427732	0.0183685426309
2553023R.nlm.nih.gov	414	0.104330651849	0.0494831990574	0.0845323463632
exponep00byfi	7352	0.107830188701	0.0428112850383	0.0659885747161
titlesr00seld	3085	0.159499743057	0.100459958847	0.119814434506
exponep00byfi	4628	0.110605105622	0.0465321447929	0.0715353040416
worldeofwordesor00flor	46	0.044599507466	0.0655132884002	0.0745676045198
essaysorcouncils00bacouoft	1630	0.130013893274	0.03833216434	0.0555691806918
twotreatisesinon00digbuoft	53	0.0886558591776	0.0502891400552	0.0524905901018
historyreasonsof00atwo	102	0.16150824579	0.0646838176504	0.103635256661
kingcharlesscase00cook	35	0.141509864072	0.0404158449402	0.0926725606339
mrburkesspeechon00burkiala	638	0.0527215535679	0.0156838158032	0.0180474771553
twentythreesermo00tenn	728	0.0859833629292	0.0201199051662	0.0675627374496
catholicks00baxt	3150	0.0831891987077	0.0270879031718	0.0555285234035
faeriequeenedisp00spen_0	3553	0.101005522451	0.032868352132	0.04417590932
b28764195	1202	0.0996855068157	0.0219512780502	0.0458337211827
truegenuinehisto00carl	2214	0.062104702075	0.02473822024	0.0298179261509
newdescriptionof00bric	61	0.209580419782	0.102962684949	0.145195595706
vindicationofdiv00nilerich	50	0.219091847819	0.0577589945672	0.171316995013
b28771023_0002	3131	0.0899859658456	0.0416185211958	0.0434137131636
truereligiondeli00bell	6740	0.0768209765017	0.026439892794	0.0450188571218
essaysorcouncils00baco	1624	0.122788589611	0.0384469185179	0.0546918738059
americanbiograp01belkgoog	6288	0.0692358093073	0.0203836078574	0.0228886073427
grecianhistoryf02goldgoog	5269	0.0799894047739	0.0233212917575	0.0280611883484
historyofworld00rale	6018	0.088574985202	0.0722901385493	0.0801121418231
accountoflaterev00edwa	935	0.0705159435078	0.0282714197071	0.0379408305047
McGillLibrary-PN970_C52_no_37a-1729	403	0.0947682244976	0.019746263958	0.0331951962717
McGillLibrary-PN970_C52_no_61-1741	250	0.0607215014805	0.0157657582629	0.0205705622581
worksofjohnwoolm00wool_0	2799	0.082432540401	0.0186550895872	0.0317686828489
lifesamueljohns65boswgoog	1310	0.15781061304	0.104803958504	0.110483116105
justif00owen	4631	0.0592296570144	0.0238455850667	0.0363852629747
treac00pryn	329	0.186417547833	0.0849976849817	0.197629307176
passio00reyn	7614	0.132097235962	0.0499402044622	0.0570458096815
westindiancomedy00cumbiala	1765	0.156003657302	0.0313660705075	0.0866582178734
collectionofwork00chal	7964	0.0968143634599	0.0329172054218	0.0417285616537
asgover00gill	6196	0.0776055701495	0.0537281825189	0.0618086079522
comment00leig	507	0.128265268657	0.0298838254625	0.0969257329777
humaneindustryor00powe	783	0.129083659209	0.0553286515655	0.0725318760669
journaloflifegos00wooliala	6444	0.0762755157613	0.0178606560291	0.0451392677693
titlesr00seld	1506	0.179256829838	0.0981735659206	0.129821255244
accountoflaterev00edwa	11283	0.0915059337229	0.0328078000297	0.0587104234233
lifesamueljohns01baldgoog	3666	0.097628231481	0.0485443214585	0.055304761784
essayoftransmigr00buls	59	0.164226974092	0.0445666649489	0.12400267827
historyofnewhamp84belk	6521	0.0914392027634	0.0269323477739	0.0286527428006
historicalaccoun02henr	10423	0.123027810466	0.0205708504872	0.0349707218505
anhistoricalacc01conggoog	680	0.10156894829	0.0339590528522	0.0602757149946
collectionofwork00chal	5208	0.0837774414863	0.0314735670374	0.0331498177786
faeriequeenedisp00spen_0	6359	0.0951322337307	0.0327665829643	0.044499918796
anima00sout	251	0.0721899514219	0.0455415061748	0.0588874094034
learnedmandefend00bart	2435	0.208389744397	0.0539746263976	0.0721734498547
endofdoc00baxt	215	0.0915555639399	0.0301007280943	0.0480558564875
essayindefenceof00aste	3930	0.146952998246	0.0274217922368	0.0347680034483
sermonpreachedbe00scot	948	0.051946136183	0.0179560779928	0.029715364959
natvrallandmoral00acosrich	2864	0.0539211663971	0.0419533498908	0.0422345459225
worksofjohnwoolm00wool	983	0.0660385485849	0.0184120434644	0.0333493702015
endofdoc00baxt	240	0.111970339407	0.0344700203359	0.041676085651
2541036R.nlm.nih.gov	382	0.0584088406295	0.021866193123	0.0324374507616
peerageofscotlan00doug	4890	0.276147252886	0.0438477344297	0.196484102908
2562033R.nlm.nih.gov	2620	0.123453087483	0.0275846435026	0.037090881911
lifecharacterofl00hopk	8985	0.0939855224633	0.0329802777793	0.0497292068503
historyofnewhamp84belk	4048	0.0909151446657	0.034155764495	0.0428421673811
fablesofaesopoth00lest	583	0.0957722035501	0.0223150686693	0.0262879877678
treatiseconcerni1746edwa	1104	0.148312536485	0.057102597196	0.0880033382929
measuresofchrist00ket	5499	0.114945204391	0.0188250107003	0.0344302454878
historyofworld00rale	8545	0.102983903958	0.0997382549311	0.1103921903
anima00sout	375	0.106492682196	0.0310079514705	0.0542182946423
morewondersofinv1700cale	3877	0.0839593780216	0.0398340920075	0.0459253510699
bub_gb_g30OAAAAQAAJ	1775	0.124611622417	0.0276609735611	0.0310374491107
collectionofmemo00soci	1899	0.0629076986925	0.0166096850812	0.0285044275811
historicalpoliti00bacouoft	5220	0.12665683604	0.0486288597684	0.0716797107017
incidentsofinsur00inbrac	4179	0.0883558279801	0.0342872328889	0.0709292677317
defenceofpamphle00branuoft	122	0.103460945232	0.0216270331321	0.0351210187821
historyadventure02smol	4448	0.0541343252538	0.0267425719144	0.0295535516694
lifesamueljohns01baldgoog	10250	0.0640431667129	0.0230791190133	0.0288752001112
treatiseconcerni1746edwa	11791	0.0789683717539	0.0330767364207	0.0461205732952
journaloflifegos00wooliala	4422	0.0841448849636	0.0181164934936	0.0401952906892
journaloftransac00wint	7705	0.0946944408812	0.028032860754	0.07473293749
cihm_28238	569	0.107487843133	0.0343273855629	0.0345530911189
collectionofwork00chal	4236	0.0943803475098	0.0252001943585	0.0430150228947
comment00leig	5332	0.103610634878	0.036326886756	0.0657807041156
inquiryintonaturx01smit	6969	0.0631653968207	0.0113636147284	0.0152525513375
memoirsofsieurde00pont	28	0.428445477841	0.0555991131884	0.177848391688
voyagesadventure00chet	144	0.13118498788	0.0300489191616	0.0831626981315
generalldemandso00aber	71	0.117419141715	0.0731907183907	0.0761178990258
2562033R.nlm.nih.gov	2184	0.111954505985	0.0168869626822	0.0251829129443
2564001R.nlm.nih.gov	7173	0.0791724055836	0.0224018290005	0.030714485507
examendeingenios1594huar	27	0.403639071082	0.0544978942286	0.344412871594
greatchristiando1758edwa	5674	0.0852858377097	0.0211342111433	0.0316506582045
ASermonOnEducation2	1175	0.087820931551	0.0143494435675	0.0341069361548
lifesamueljohns65boswgoog	8276	0.0661341739051	0.0233661855866	0.028185306421
2553023R.nlm.nih.gov	2341	0.0591005025153	0.0263070419596	0.0359001250128
twentythreesermo00tenn	916	0.0976571893458	0.0234723229961	0.0788014059714
historicalaccoun02henr	3367	0.114187585813	0.0218749552112	0.0351540461134
historyoffourfoo00tops	600	0.0782469969849	0.053567400843	0.096028003854
philtrans04082446	83	0.183027321826	0.0510712098689	0.0878619684233
philtrans07386096	637	0.080601195809	0.0131936979428	0.0161804986968
bub_gb_hghCAAAAcAAJ	4406	0.0816225180902	0.0153093276584	0.0211312563653
lifesamueljohns72boswgoog	2068	0.0663616408002	0.0414755061551	0.0486210459519
b28764195	2679	0.0984744578465	0.0227747364083	0.0561750992859
truereligiondeli00bell	9601	0.0737266492916	0.0267072321256	0.0458306225881
accountofeuropea00burk_0	2081	0.0950744421652	0.0183385180714	0.0272973020529
medinquiries03rush	194	0.133042321231	0.0593602382551	0.0858586076406
essayonpaintingi00hayl_0	548	0.0752985926609	0.0210725080235	0.0288897693105
learnedmandefend00bart	3434	0.217316560281	0.053790192776	0.0777581387523
2569001R.nlm.nih.gov	3848	0.0591422275659	0.0161345191513	0.0277749196318
morewondersofinv1700cale	1141	0.0899211823633	0.038004672194	0.0504061926326
comment00leig	8835	0.115286954521	0.0297114114808	0.0781482253461
inquiryintonaturx01smit	6879	0.0584773630322	0.0119142224462	0.0142901235714
miscselfi00baxt	7421	0.0795981541109	0.0579837407911	0.0588919560105
mrburkesspeechon00burkiala	5882	0.0591632941727	0.0154065150061	0.0205219541566
goldenremainsofe00hale	302	0.0968830159162	0.0471033684161	0.108480886295
historieofreigne00baco	283	0.166842424777	0.0854232366115	0.117846304428
scripturegos0baxt	307	0.114691434043	0.0407172250648	0.0539960963563
humaneindustryor00powe	579	0.0895839960276	0.0462465900999	0.0579817161514
justif00owen	8432	0.0581375887151	0.0213953235664	0.0361393891178
accountofeuropea00burk_0	6735	0.0810666848406	0.0127227324066	0.0197467353151
measuresofchrist00ket	5769	0.110379284002	0.0249301597431	0.0355448748776
worksofjohnwoolm00wool	1302	0.0806589567948	0.017468394667	0.0362299655205
worksofjohnwoolm00wool_0	8075	0.0749068061645	0.0184253223161	0.0457199831863
apologyforlifeof00cibb	890	0.113304863881	0.0377279098968	0.0739854558398
scripturegos0baxt	30	0.0844221343247	0.0395297423283	0.0398316337496
scripturetruthsd00cris	1683	0.0629456145215	0.0138061847993	0.038786627164
americanremembra00hard	543	0.267474660074	0.0506663005997	0.188439467984
bablercontainin00kellgoog	3780	0.191526872832	0.0316053959546	0.0693745950586
justif00owen	4792	0.0566076627265	0.0188662649598	0.0386766949355
truegenuinehisto00carl	8606	0.0585149834089	0.018197464717	0.0264496937721
goldenremainsofe00hale	639	0.0678107885138	0.0243517477804	0.0438846116094
fullanswertoinfa00clar	3013	0.107324483045	0.0255176863156	0.0388869304886
examendeingenios1594huar	474	0.31286943167	0.0333177248265	0.267847548797
vindoc00sher	889	0.235695795916	0.027428945436	0.0516698584167
collectionofmemo00soci	10345	0.0629232203825	0.0163216489777	0.0265429064093
defprincip00baxt	85	0.147512983185	0.0602286084206	0.0687637524155
memoirsoflifeofl01leec	2126	0.0754931332435	0.022617903379	0.0234260896469
historyoflifeadv1720defo	2575	0.070319454703	0.020909897129	0.0300798193953
historyofworld00rale	2306	0.198130867087	0.124537296631	0.154324069888
lifesamueljohns65boswgoog	5092	0.061336306649	0.0280248123109	0.0383734263856
lifesamueljohns72boswgoog	4629	0.0935060687584	0.045800367483	0.0524727714327
vindicationofdiv00nilerich	13	0.171422573148	0.0760935797854	0.0961746206501
posthumousworksi00bleerich	775	0.129787223772	0.0338048366318	0.0473887794728
narrativeofcapti00walt	3157	0.0814206376156	0.0155913763839	0.0235127327787
iurisdictionrega00carl	239	0.090159349169	0.0716215250744	0.0947110024073
medinquiries03rush	6708	0.0641080984662	0.0174510754496	0.0290371330822
posthumousworksi00bleerich	1139	0.0972326978395	0.0278075610658	0.0438454879015
bub_gb_Pkk_AAAAcAAJ	12311	0.158582494607	0.122895861464	0.141881649295
treatiseofsibyls00blon	54	0.28735614368	0.1180139005	0.257061842303
historyoffourfoo00tops	203	0.145419089625	0.0809110991076	0.14809453484
memoirsofsieurde00pont	55	0.116375472484	0.024527687575	0.0814303794763
compleathistoryo00sand_0	8923	0.0774319951926	0.0267772298659	0.0312132576275
grecianhistoryf02goldgoog	1898	0.118722849199	0.0326974593707	0.0822663035611
twotreatisesinon00digbuoft	26	0.162718873068	0.0533766588739	0.0904109772234
divineapp00baxt	6359	0.0562376174841	0.0307889232093	0.0437207661137
chdrawi00ruth	8849	0.143638593653	0.0721189567203	0.0724795110874
compleathistoryo00sand_0	8132	0.0780554037366	0.0258522800238	0.0297894258372
littleplainengli00cobb	3344	0.0769683379668	0.0193900666714	0.020087435114
hierarcbish00forr	55	0.224064717307	0.0485014498808	0.146699034034
in.ernet.dli.2015.200849	11078	0.0950600711321	0.109052393938	0.112022182441
peerageofscotlan00doug	6291	0.296198056252	0.0458386101918	0.22157643209
lifecharacterofl00hopk	3049	0.0954488827651	0.027699426212	0.0554700223773
lifejohnmetcalf00metcgoog	1879	0.123432510131	0.0227533703878	0.106135994023
gri_33125011761778	4270	0.0825986645533	0.0218642424038	0.0281555334348
inqobser00devz	4244	0.101189546738	0.0713572369948	0.0739427934798
sabbat00prim	18	0.279052400287	0.0440649261842	0.264005697931
historyoffourfoo00tops	419	0.118693191092	0.0841305840576	0.127517761262
catholicks00baxt	1112	0.0792414859799	0.0329869719385	0.0338459598789
historyenglishp03wartgoog	3754	0.0860502656611	0.040335289314	0.0441907446405
historicalpoliti00bacouoft	3406	0.16660881629	0.0580803654812	0.082894397587
treatiseofsibyls00blon	6	0.377760995679	0.0516330783379	0.47973237797
sabbat00prim	14	0.128132774082	0.0222833531974	0.0838612866524
bub_gb_Pkk_AAAAcAAJ	9036	0.155300507312	0.0987068151504	0.109846915891
fablesofaesopoth00lest	5173	0.102915878758	0.0267216943048	0.0367405338474
tryalloffaithorw00armi	80	0.230611841006	0.0508741051401	0.153199074035
